6.8429 -1.21966
-10.7519 -10.8682
0.336061 0.332695
-5.26637 7.44836
21.2468 4.62532
3.71721 2.00699
-1.27842 10.2096
-3.36813 7.83408
-9.35842 -6.87155
-26.7237 13.0842
-20.1529 -7.7274
0.503679 -5.21566
-1.8468 -8.94625
-6.79454 -0.131665
3.76912 -0.737384
-7.49272 8.58246
-3.35232 14.0231
6.72569 8.05901
-2.85115 12.1152
11.5087 0.464805
-4.70959 -13.1428
0.722706 -1.31082
-4.05608 16.7327
-3.15257 -0.102426
-9.88121 -6.0696
7.97139 -15.9633
-9.71749 11.047
15.6957 -13.2557
14.1817 1.58739
-19.9364 -1.61904
5.15601 5.67956
-11.9754 -0.141473
-14.3572 11.1675
-1.14027 5.57332
-4.17904 9.41005
-10.4833 -2.18842
7.46108 -1.34846
-0.824446 -11.0094
0.188441 0.958485
11.4174 -0.667439
11.0216 -1.5785
4.50572 13.2769
1.26917 1.32609
-18.5244 0.590086
9.30069 9.90603
9.90905 -2.26159
20.0478 -7.41903
-1.21761 0.426356
13.4531 7.75815
-2.64432 -28.5657